0 2.30314
1 2.29275
2 2.29737
3 2.28024
4 2.27767
5 2.25945
6 2.25416
7 2.25003
8 2.24096
9 2.23883
10 2.21128
11 2.2178
12 2.17114
13 2.18419
14 2.15043
15 2.09944
16 2.11827
17 2.11151
18 1.97727
19 2.02101
20 2.00451
21 1.93312
22 1.94791
23 1.80929
24 1.82455
25 1.57759
26 1.41685
27 1.56239
28 1.43837
29 1.19982
30 1.27364
31 2.00396
32 1.54557
33 1.27164
34 1.12745
35 0.977221
36 0.852862
37 0.971485
38 0.889506
39 0.765276
40 0.732274
41 0.903852
42 0.920671
43 0.725383
44 0.632942
45 0.605246
46 0.776003
47 0.810517
48 0.599278
49 0.581699
50 0.714709
51 0.691754
52 0.796379
53 0.557104
54 0.590362
55 0.748081
56 0.539028
57 0.590912
58 0.677197
59 0.548762
60 0.407859
61 0.347409
62 0.483493
63 0.751405
64 0.785166
65 0.603911
66 0.427685
67 0.423756
68 0.452199
69 0.432158
70 0.372146
71 0.300363
72 0.43672
73 0.383086
74 0.465388
75 0.523359
76 0.335229
77 0.645819
78 0.436403
79 0.45813
80 0.846944
81 0.340923
82 0.549318
83 0.378569
84 0.340586
85 0.267163
86 0.455896
87 0.381838
88 0.303524
89 0.339004
90 0.294711
91 0.517184
92 0.437551
93 0.23636
94 0.218328
95 0.364139
96 0.261397
97 0.3119
98 0.243984
99 0.187594
100 0.269856
101 0.459006
102 0.179418
103 0.316268
104 0.277741
105 0.192172
106 0.388893
107 0.40775
108 0.67101
109 0.771477
110 0.36485
111 0.353947
112 0.446247
113 0.447015
114 0.462923
115 0.324842
116 0.200856
117 0.331712
118 0.237293
119 0.322205
120 0.27329
121 0.337233
122 0.467859
123 0.439124
124 0.249433
125 0.253133
126 0.384848
127 0.164834
128 0.539043
129 0.245109
130 0.23598
131 0.326393
132 0.423223
133 0.176792
134 0.228625
135 0.540855
136 0.600444
137 0.457437
138 0.537334
139 0.315845
140 0.198721
141 0.147771
142 0.452817
143 0.21038
144 0.340671
145 0.345463
146 0.298867
147 0.417302
148 0.240267
149 0.248113
150 0.160925
151 0.149367
152 0.402693
153 0.152363
154 0.19365
155 0.186639
156 0.307219
157 0.212576
158 0.205416
159 0.366897
160 0.323212
161 0.156496
162 0.110768
163 0.28607
164 0.101379
165 0.119321
166 0.179506
167 0.379633
168 0.211769
169 0.229434
170 0.137527
171 0.184843
172 0.170769
173 0.201938
174 0.123645
175 0.289287
176 0.0940461
177 0.173442
178 0.192393
179 0.164441
180 0.543732
181 0.29979
182 0.465505
183 0.283703
184 0.197516
185 0.318322
186 0.279451
187 0.273515
188 0.279279
189 0.0736977
190 0.25113
191 0.313238
192 0.303355
193 0.218192
194 0.192684
195 0.259928
196 0.540985
197 0.568882
198 0.4633
199 0.276438
200 0.195334
201 0.159722
202 0.332219
203 0.342683
204 0.437523
205 0.265101
206 0.201949
207 0.15829
208 0.200655
209 0.276979
210 0.146427
211 0.214203
212 0.0466106
213 0.353862
214 0.330804
215 0.144261
216 0.217477
217 0.287682
218 0.404394
219 0.274885
220 0.214249
221 0.19374
222 0.330591
223 0.369733
224 0.375241
225 0.111225
226 0.179146
227 0.252824
228 0.239986
229 0.402441
230 0.60974
231 0.457632
232 0.163646
233 0.127087
234 0.102796
235 0.116053
236 0.309607
237 0.18892
238 0.194497
239 0.139468
240 0.138871
241 0.156051
242 0.200333
243 0.13369
244 0.0631044
245 0.210997
246 0.357699
247 0.340047
248 0.264207
249 0.307436
250 0.313432
251 0.159159
252 0.119118
253 0.0913228
254 0.170407
255 0.0738463
256 0.106993
257 0.226608
258 0.259087
259 0.101937
260 0.286137
261 0.213405
262 0.218503
263 0.219037
264 0.163909
265 0.24868
266 0.212599
267 0.117975
268 0.139675
269 0.250778
270 0.114176
271 0.199756
272 0.0823947
273 0.251261
274 0.385367
275 0.149441
276 0.232295
277 0.18866
278 0.207371
279 0.168208
280 0.121113
281 0.176091
282 0.148908
283 0.124071
284 0.0533674
285 0.0993453
286 0.158678
287 0.142204
288 0.140143
289 0.117525
290 0.229755
291 0.134478
292 0.252089
293 0.126079
294 0.104593
295 0.0774097
296 0.0828672
297 0.229883
298 0.212706
299 0.112286
300 0.245061
301 0.101731
302 0.254711
303 0.211964
304 0.179587
305 0.13126
306 0.0812468
307 0.0379128
308 0.0273577
309 0.180243
310 0.162883
311 0.146672
312 0.193391
313 0.170185
314 0.0760403
315 0.347711
316 0.183181
317 0.153937
318 0.0456722
319 0.112713
320 0.0646451
321 0.186928
322 0.0739986
323 0.314272
324 0.212896
325 0.141962
326 0.183391
327 0.200729
328 0.11915
329 0.18078
330 0.115271
331 0.0697018
332 0.0893277
333 0.0922069
334 0.138504
335 0.0449693
336 0.072624
337 0.279096
338 0.0689967
339 0.100461
340 0.0194328
341 0.0482943
342 0.206844
343 0.166808
344 0.0465754
345 0.230933
346 0.312491
347 0.200912
348 0.299861
349 0.0419668
350 0.137332
351 0.228735
352 0.624185
353 0.629329
354 0.17236
355 0.178246
356 0.144544
357 0.0787046
358 0.0337753
359 0.0979269
360 0.150357
361 0.106728
362 0.107591
363 0.0615102
364 0.080212
365 0.106295
366 0.100674
367 0.078923
368 0.132147
369 0.16176
370 0.272436
371 0.0635306
372 0.166599
373 0.144496
374 0.187277
375 0.131332
376 0.0445761
377 0.0641315
378 0.123589
379 0.257769
380 0.056545
381 0.120724
382 0.215275
383 0.205302
384 0.226806
385 0.193933
386 0.155195
387 0.294042
388 0.0895841
389 0.164214
390 0.0828695
391 0.0618976
392 0.140056
393 0.155714
394 0.0943111
395 0.149783
396 0.0204073
397 0.0316769
398 0.116853
399 0.242556
400 0.0701592
401 0.143298
402 0.165309
403 0.194527
404 0.0710261
405 0.0492495
406 0.119688
407 0.0905527
408 0.0801827
409 0.0694084
410 0.138781
411 0.127994
412 0.230637
413 0.13956
414 0.194375
415 0.225628
416 0.32297
417 0.316847
418 0.174932
419 0.148625
420 0.254251
421 0.0360879
422 0.0841289
423 0.11937
424 0.308492
425 0.164945
426 0.0546054
427 0.0555361
428 0.0567558
429 0.140504
430 0.173932
431 0.0603755
432 0.111939
433 0.0807038
434 0.105461
435 0.112627
436 0.0712947
437 0.115215
438 0.0238104
439 0.156248
440 0.097396
441 0.145669
442 0.0271022
443 0.34955
444 0.144479
445 0.105711
446 0.162419
447 0.340785
448 0.181607
449 0.0866475
450 0.109193
451 0.0240359
452 0.0915224
453 0.129549
454 0.115496
455 0.186835
456 0.243745
457 0.0815746
458 0.0893226
459 0.120905
460 0.082552
461 0.0651992
462 0.0981614
463 0.0693407
464 0.189139
465 0.0883326
466 0.188385
467 0.118
468 0.0882607
469 0.101228
470 0.0825636
471 0.0851148
472 0.0680707
473 0.0842144
474 0.0271132
475 0.120213
476 0.15828
477 0.133815
478 0.124396
479 0.123443
480 0.104122
481 0.0972657
482 0.150582
483 0.152391
484 0.0555153
485 0.123632
486 0.171835
487 0.173751
488 0.126091
489 0.198015
490 0.0871064
491 0.154561
492 0.0292226
493 0.144906
494 0.16919
495 0.293823
496 0.140608
497 0.136008
498 0.0313775
499 0.148654
500 0.103877
501 0.1441
502 0.12585
503 0.15056
504 0.107513
505 0.121404
506 0.190123
507 0.158075
508 0.167573
509 0.0172916
510 0.092074
511 0.0583985
512 0.228079
513 0.142035
514 0.0695724
515 0.0497814
516 0.0880464
517 0.0591177
518 0.0613608
519 0.127872
520 0.152584
521 0.058245
522 0.0546517
523 0.0933431
524 0.0399795
525 0.0552733
526 0.0309042
527 0.293613
528 0.0629323
529 0.0375051
530 0.0415332
531 0.0376391
532 0.0953366
533 0.0159157
534 0.0907953
535 0.0155873
536 0.070665
537 0.168816
538 0.0447144
539 0.173503
540 0.0913433
541 0.181051
542 0.147809
543 0.0606899
544 0.254325
545 0.126909
546 0.0949215
547 0.094072
548 0.0258314
549 0.0992667
550 0.114147
551 0.0420706
552 0.0458023
553 0.0933563
554 0.232889
555 0.0466031
556 0.182484
557 0.109764
558 0.0275285
559 0.0250936
560 0.130765
561 0.123148
562 0.0952321
563 0.144049
564 0.194826
565 0.0677563
566 0.147065
567 0.0399819
568 0.0781286
569 0.158753
570 0.0475961
571 0.0432826
572 0.0400239
573 0.148469
574 0.117109
575 0.142817
576 0.158183
577 0.0963794
578 0.194093
579 0.170724
580 0.116516
581 0.0677367
582 0.152554
583 0.163338
584 0.112499
585 0.134436
586 0.200465
587 0.0530884
588 0.112943
589 0.177972
590 0.133485
591 0.122538
592 0.0543856
593 0.0849147
594 0.0838898
595 0.0439019
596 0.025588
597 0.0530767
598 0.0540411
599 0.0873001
600 0.0884162
601 0.112201
602 0.0416931
603 0.118205
604 0.125475
605 0.119982
606 0.036184
607 0.0259412
608 0.0716481
609 0.128905
610 0.00827099
611 0.034767
612 0.0987654
613 0.164972
614 0.283993
615 0.241864
616 0.10082
617 0.0515077
618 0.047776
619 0.15657
620 0.0841418
621 0.137495
622 0.0616523
623 0.0812822
624 0.146384
625 0.0745616
626 0.0408855
627 0.0777611
628 0.062554
629 0.0890389
630 0.0743279
631 0.093813
632 0.0365091
633 0.113427
634 0.0977358
635 0.123998
636 0.154196
637 0.0514722
638 0.131072
639 0.0589991
640 0.199688
641 0.0667199
642 0.0538141
643 0.0814249
644 0.170339
645 0.21115
646 0.0926213
647 0.185673
648 0.0766461
649 0.136393
650 0.121302
651 0.0523697
652 0.0803278
653 0.132028
654 0.0884609
655 0.0689515
656 0.184685
657 0.0389293
658 0.0509017
659 0.0531581
660 0.0274991
661 0.115901
662 0.0671212
663 0.286322
664 0.122258
665 0.131116
666 0.0900265
667 0.123983
668 0.0475969
669 0.157929
670 0.146222
671 0.167983
672 0.136087
673 0.0992143
674 0.0355317
675 0.111119
676 0.0215917
677 0.0214773
678 0.0873412
679 0.0226044
680 0.159022
681 0.105244
682 0.148112
683 0.0235055
684 0.11235
685 0.151605
686 0.108492
687 0.0559459
688 0.143885
689 0.0841343
690 0.0282873
691 0.135835
692 0.0785709
693 0.0953139
694 0.186207
695 0.13474
696 0.0187943
697 0.0388083
698 0.0302432
699 0.0634204
700 0.0932463
701 0.10969
702 0.0666236
703 0.0822409
704 0.0300705
705 0.124289
706 0.0463924
707 0.0684042
708 0.0522186
709 0.0944098
710 0.134367
711 0.126891
712 0.157707
713 0.0999169
714 0.0290625
715 0.174926
716 0.172943
717 0.0439303
718 0.106365
719 0.104055
720 0.152269
721 0.0609355
722 0.184838
723 0.273513
724 0.136722
725 0.15275
726 0.032206
727 0.0228011
728 0.0321566
729 0.0851219
730 0.152393
731 0.0434946
732 0.0296921
733 0.0428058
734 0.108104
735 0.0266798
736 0.085044
737 0.0981426
738 0.144289
739 0.0973284
740 0.123031
741 0.189409
742 0.0236584
743 0.259478
744 0.0853064
745 0.184456
746 0.0732099
747 0.0625083
748 0.172235
749 0.0615271
750 0.0816606
751 0.102414
752 0.0222683
753 0.0103148
754 0.0944677
755 0.103703
756 0.0297581
757 0.0193023
758 0.0414015
759 0.0319738
760 0.0741599
761 0.0185958
762 0.0287125
763 0.018337
764 0.224487
765 0.29045
766 0.139855
767 0.0656508
768 0.27876
769 0.0445164
770 0.0250167
771 0.0148906
772 0.0801131
773 0.329809
774 0.235024
775 0.150019
776 0.0483355
777 0.0471607
778 0.0736309
779 0.281518
780 0.0989178
781 0.0290176
782 0.0417522
783 0.0290819
784 0.192378
785 0.0631866
786 0.172298
787 0.303656
788 0.183442
789 0.132768
790 0.103026
791 0.0641646
792 0.0855933
793 0.0324074
794 0.0288257
795 0.111867
796 0.0407771
797 0.0372429
798 0.0213458
799 0.0354167
800 0.153898
801 0.123405
802 0.0590798
803 0.0595266
804 0.0747062
805 0.0868808
806 0.0734755
807 0.0468378
808 0.149865
809 0.009775
810 0.0701773
811 0.0974871
812 0.127175
813 0.109405
814 0.130796
815 0.0995065
816 0.0495836
817 0.106498
818 0.0170376
819 0.0891271
820 0.0484355
821 0.0402941
822 0.0436591
823 0.144708
824 0.0756438
825 0.187542
826 0.184824
827 0.403236
828 0.032392
829 0.0311222
830 0.0924623
831 0.177008
832 0.0227351
833 0.033418
834 0.0503377
835 0.127217
836 0.0528743
837 0.0805385
838 0.209483
839 0.0330195
840 0.0770151
841 0.107377
842 0.0603632
843 0.104402
844 0.0529471
845 0.0205498
846 0.0306068
847 0.0461199
848 0.118554
849 0.023996
850 0.0203662
851 0.0914523
852 0.0743015
853 0.029281
854 0.0235191
855 0.0696181
856 0.023396
857 0.0956476
858 0.065511
859 0.0498069
860 0.0609888
861 0.0283609
862 0.112167
863 0.102346
864 0.210003
865 0.0314986
866 0.0327121
867 0.197105
868 0.23906
869 0.0931017
870 0.13722
871 0.119021
872 0.0548081
873 0.15143
874 0.0280262
875 0.0931891
876 0.0660445
877 0.0304281
878 0.08201
879 0.0898765
880 0.0562561
881 0.0237153
882 0.17347
883 0.0252539
884 0.0700335
885 0.0272607
886 0.0868701
887 0.062532
888 0.139304
889 0.0719953
890 0.0952355
891 0.110761
892 0.00360308
893 0.0108434
894 0.0452864
895 0.0387684
896 0.0712613
897 0.0656612
898 0.0929682
899 0.0104776
900 0.195145
901 0.0896676
902 0.0994346
903 0.0323535
904 0.0313986
905 0.0392468
906 0.0145535
907 0.0651393
908 0.00975166
909 0.00461051
910 0.00890484
911 0.0181546
912 0.0238753
913 0.0644635
914 0.00436572
915 0.00769302
916 0.0526183
917 0.00247008
918 0.0911479
919 0.108647
920 0.0146027
921 0.000939494
