0 29.4886
1 72.1483
2 73.9599
3 73.5551
4 72.7937
5 65.7734
6 68.2132
7 75.2728
8 71.4993
9 66.0439
10 66.6119
11 68.6256
12 71.8115
13 67.3981
14 65.2593
15 66.2021
16 68.3355
17 71.0396
18 66.3434
19 66.089
20 66.5828
21 67.9422
22 66.9192
23 63.1965
24 66.4526
25 68.4192
26 66.5025
27 62.6456
28 65.74
29 63.6724
30 67.4903
31 68.3902
32 64.6486
33 66.0645
34 66.8816
35 68.632
36 64.8008
37 62.2316
38 61.8145
39 67.5387
40 68.7717
41 63.141
42 66.9124
43 67.7467
44 64.1276
45 65.371
46 65.7007
47 67.8735
48 66.3157
49 64.1956
50 63.733
51 67.023
52 66.1503
53 63.9647
54 63.6521
55 63.0222
56 66.6392
57 64.485
58 63.4984
59 62.6177
60 67.3134
61 68.1724
62 64.2062
63 63.5117
64 62.5969
65 64.3014
66 66.6552
67 64.8884
68 63.469
69 63.1776
70 64.3749
71 64.7304
72 63.8721
73 62.5698
74 63.6307
75 65.6911
76 64.0331
77 64.8548
78 62.8617
79 64.2496
80 64.0154
81 64.0149
82 63.5239
83 65.5684
84 64.2107
85 62.5398
86 65.0878
87 66.5832
88 65.6141
89 60.7927
90 63.1123
91 66.3126
92 66.8169
93 61.1741
94 62.0476
95 64.9551
96 64.0982
97 62.906
98 62.1585
99 62.3814
100 62.8472
101 65.5913
102 64.9733
103 61.4401
104 62.8992
105 65.8092
106 64.4072
107 63.8391
108 61.4426
109 64.5764
110 64.7249
111 65.3547
112 64.1049
113 62.5468
114 62.6657
115 63.2422
116 64.4285
117 64.3067
118 62.9089
119 63.6717
120 62.2392
121 65.8225
122 66.7352
123 62.6946
124 61.0684
125 60.1656
126 65.2997
127 65.8754
128 62.2344
129 62.136
130 62.8293
131 62.9379
132 62.9322
133 65.3174
134 64.297
135 61.3141
136 62.0668
137 65.5383
138 63.8626
139 63.2748
140 61.5465
141 64.8269
142 62.8757
143 64.2941
144 60.9241
145 65.1676
146 66.4271
147 62.5158
148 61.5395
149 62.7752
150 63.9025
151 64.9652
152 63.081
153 62.3249
154 63.9253
155 64.7678
156 66.7153
157 63.6735
158 63.1604
159 62.1147
160 60.6326
161 65.0178
162 65.9711
163 62.2988
164 63.1408
165 63.589
166 66.9905
167 63.7324
168 63.129
169 64.1613
170 64.3064
171 62.3786
172 62.3447
173 62.3787
174 65.8805
175 62.9534
176 62.1438
177 60.579
178 64.5893
179 63.6208
180 63.6774
181 63.0567
182 66.4756
183 64.9811
184 62.0641
185 62.1861
186 63.2646
187 63.8347
188 64.996
189 62.9689
190 62.4793
191 60.3
192 65.7038
193 63.2589
194 64.0789
195 62.9702
196 64.3755
197 61.2263
198 63.6217
199 65.3662
200 62.4769
201 59.8477
202 61.2915
203 66.1809
204 64.6326
205 61.788
206 59.04
207 61.9119
208 61.6472
209 62.7285
210 62.2919
211 63.1712
212 62.8298
213 63.5601
214 62.7357
215 65.2351
216 61.2915
217 64.1451
218 61.8839
219 64.8393
220 65.6697
221 63.0659
222 61.2356
223 60.4473
224 63.3161
225 62.9863
226 64.818
227 64.5306
228 62.5908
229 62.5435
230 63.572
231 64.3293
232 62.8531
233 63.3333
234 62.7621
235 63.15
236 62.4095
237 63.0473
238 62.9699
239 63.3551
240 62.2801
241 62.5504
242 64.0258
243 63.4854
244 62.4188
245 62.429
246 64.2125
247 63.55
248 62.5884
249 62.6391
250 63.8253
251 63.5377
252 61.8823
253 61.7257
254 64.4032
255 63.8268
256 61.6545
257 61.5904
258 64.5556
259 64.1463
260 60.8061
261 60.5855
262 64.7392
263 64.453
264 60.9147
265 60.7015
266 64.6741
267 64.414
268 60.2415
269 60.3248
270 64.4311
271 64.5137
272 60.7609
273 61.3173
274 64.5468
275 64.3778
276 60.3065
277 60.5494
278 64.2001
279 64.5617
280 60.1469
281 60.6797
282 64.261
283 64.2328
284 60.8743
285 60.9199
286 64.2113
287 64.6447
288 60.2367
289 60.4965
290 64.3427
291 64.3161
292 60.7648
293 60.9054
294 64.7732
295 64.142
296 60.4534
297 60.4472
298 64.6145
299 64.9312
300 60.2772
301 60.7138
302 64.6311
303 64.4455
304 60.0734
305 60.4769
306 64.6437
307 64.417
308 60.8805
309 60.3015
310 65.2022
311 64.5607
312 59.6079
313 60.0662
314 64.1368
315 64.3879
316 61.6867
317 61.4968
318 64.4895
319 64.2038
320 59.5369
321 59.7397
322 63.6687
323 64.1136
324 62.4417
325 62.3543
326 64.0245
327 63.917
328 60.0344
329 59.7388
330 64.6649
331 64.289
332 60.8676
333 60.8341
334 64.9472
335 64.7606
336 59.6909
337 59.5934
338 64.1053
339 64.5344
340 60.7115
341 61.2028
342 64.5134
343 64.5343
344 59.5737
345 59.9691
346 63.8709
347 64.4492
348 60.5111
349 60.6736
350 64.0299
351 64.211
352 60.0416
353 60.0828
354 63.7648
355 64.3587
356 60.1295
357 61.0532
358 63.8193
359 64.0193
360 60.6245
361 60.7456
362 63.5171
363 64.1121
364 60
365 60.8329
366 63.317
367 63.8232
368 61.2901
369 61.5049
370 63.1038
371 63.5299
372 60.0978
373 60.6993
374 63.309
375 63.3638
376 61.236
377 61.7553
378 63.5363
379 63.8551
380 60.0808
381 60.7997
382 63.5403
383 63.6963
384 60.9861
385 60.9796
386 63.1356
387 63.5797
388 60.1003
389 60.6136
390 63.3506
391 63.2343
392 61.1918
393 61.431
394 63.3828
395 63.9476
396 59.8712
397 60.5525
398 63.4794
399 63.6123
400 61.1183
401 61.0037
402 63.3835
403 63.6247
404 60.0856
405 60.0475
406 64.1524
407 63.5622
408 61.2341
409 61.0853
410 64.8592
411 64.1323
412 59.9567
413 59.6105
414 64.4596
415 64.0952
416 60.296
417 60.1984
418 64.6006
419 64.6779
420 59.2829
421 59.5713
422 63.8634
423 64.134
424 60.9497
425 60.5539
426 64.0276
427 63.9964
428 59.4695
429 59.7483
430 63.0435
431 63.8546
432 61.9169
433 61.8888
434 63.0525
435 63.1015
436 60.4901
437 60.2773
438 64.234
439 63.2381
440 60.8983
441 60.7314
442 64.7443
443 64.2485
444 59.6787
445 59.4007
446 64.0127
447 64.1379
448 60.2579
449 60.3728
450 64.1531
451 64.4616
452 59.4079
453 59.727
454 63.6001
455 63.9733
456 60.6926
457 60.5367
458 63.3233
459 63.7985
460 59.6636
461 60.4495
462 63.0456
463 63.6992
464 61.0616
465 61.3973
466 62.6727
467 63.3329
468 60.1483
469 60.4007
470 63.0371
471 63.1767
472 60.9149
473 61.4091
474 63.0697
475 63.4714
476 60.2426
477 60.9264
478 62.9754
479 63.324
480 60.5912
481 60.7841
482 62.5257
483 63.0855
484 60.32
485 60.7139
486 62.7884
487 62.9051
488 60.9492
489 61.5368
490 62.6401
491 63.1395
492 60.4713
493 61.0764
494 62.4467
495 63.2224
496 60.7054
497 61.136
498 62.4654
499 62.8642
500 60.535
501 60.9294
502 62.5029
503 63.1426
504 60.4051
505 60.8448
506 62.659
507 63.0133
508 60.5465
509 60.6079
510 62.4773
511 63.0364
512 60.3431
513 60.4056
514 62.9905
515 62.7868
516 60.9435
517 60.9428
518 63.8038
519 63.2296
520 60.707
521 61.0066
522 63.9136
523 63.1085
524 60.8549
525 60.5305
526 64.1116
527 63.365
528 60.2025
529 59.9592
530 64.1472
531 63.7983
532 60.0227
533 59.3943
534 64.0241
535 64.0098
536 59.7405
537 60.0338
538 63.3873
539 64.037
540 60.0617
541 60.2618
542 63.0172
543 63.4404
544 59.8687
545 60.1933
546 62.9374
547 63.202
548 60.5131
549 60.7072
550 62.8664
551 63.7472
552 60.0255
553 60.6394
554 62.9532
555 63.2781
556 60.3656
557 60.4861
558 62.579
559 63.2452
560 60.1502
561 60.5531
562 62.8765
563 62.7653
564 60.7151
565 61.0779
566 62.8591
567 63.4543
568 59.9689
569 60.4681
570 62.872
571 63.1192
572 60.491
573 60.5558
574 62.3711
575 62.9774
576 60.1325
577 60.4733
578 62.6088
579 62.5991
580 60.7514
581 61.122
582 62.6781
583 63.1698
584 60.1627
585 60.7588
586 62.5747
587 62.8778
588 60.6276
589 60.9171
590 62.1447
591 62.7602
592 60.2928
593 60.5819
594 62.3614
595 62.6782
596 60.793
597 61.2762
598 62.2271
599 62.4053
600 60.4091
601 60.6859
602 62.4323
603 62.4463
604 60.6734
605 60.8857
606 62.5501
607 63.3134
608 60.1195
609 60.6831
610 62.4582
611 62.9512
612 60.571
613 60.6784
614 61.9722
615 62.5135
616 60.2922
617 60.3317
618 62.1699
619 62.4159
620 60.9654
621 60.9078
622 63.0733
623 61.845
624 61.459
625 61.3264
626 63.6934
627 63.1775
628 60.3592
629 60.3655
630 63.7222
631 63.3058
632 60.1658
633 59.5923
634 63.6743
635 63.5951
636 59.643
637 59.5368
638 63.3679
639 63.6437
640 59.8904
641 59.5867
642 63.1674
643 63.3784
644 59.7597
645 59.6522
646 63.5145
647 63.5804
648 60.0384
649 59.67
650 63.5514
651 63.4678
652 59.6748
653 59.6679
654 63.1263
655 63.5873
656 60.3067
657 60.1464
658 63.1246
659 63.2251
660 59.5906
661 59.3928
662 62.9181
663 62.9485
664 60.5879
665 60.3366
666 63.5203
667 63.2155
668 60.0006
669 59.6078
670 63.661
671 63.3585
672 59.8879
673 59.818
674 63.5154
675 63.5474
676 59.8697
677 59.4975
678 63.252
679 63.531
680 59.4599
681 59.5233
682 63.0165
683 63.3686
684 60.0649
685 59.7891
686 62.4552
687 63.1679
688 59.8305
689 59.6375
690 62.3805
691 62.8272
692 60.1909
693 60.2048
694 62.5641
695 62.9597
696 60.2598
697 60.014
698 63.1399
699 62.8033
700 60.1538
701 59.9925
702 63.4265
703 62.9201
704 60.0893
705 59.7615
706 63.4589
707 63.2776
708 59.8966
709 59.4357
710 63.3172
711 63.5264
712 59.6202
713 59.759
714 63.2185
715 63.2391
716 60.2441
717 59.615
718 63.4437
719 63.4257
720 59.2605
721 59.1478
722 62.8037
723 62.9686
724 60.3025
725 60.2281
726 62.8091
727 63.5766
728 59.3553
729 59.8657
730 62.566
731 62.9721
732 60.5858
733 60.7435
734 62.1642
735 62.9473
736 59.9161
737 60.3124
738 62.412
739 62.5954
740 60.474
741 60.7996
742 62.3554
743 63.0984
744 59.8605
745 60.4537
746 62.1619
747 62.762
748 60.3702
749 60.6582
750 61.7887
751 62.4664
752 60.2364
753 60.7879
754 61.7944
755 62.3394
756 60.6419
757 61.051
758 61.4856
759 62.1537
760 60.2981
761 60.8695
762 61.7358
763 62.1551
764 60.6339
765 61.0846
766 61.5357
767 62.1674
768 60.237
769 60.7926
770 61.7197
771 62.1049
772 60.6282
773 61.0446
774 61.4671
775 62.0747
776 60.242
777 60.8003
778 61.6896
779 61.996
780 60.6511
781 61.0344
782 61.4328
783 62.0494
784 60.1754
785 60.4185
786 61.479
787 62.0138
788 60.7928
789 61.0124
790 61.7153
791 61.8132
792 60.7123
793 61.2374
794 61.8963
795 62.7029
796 60.0214
797 60.4051
798 61.6104
799 62.6585
800 60.5495
801 60.9802
802 61.4889
803 61.7357
804 60.3888
805 60.6194
806 61.5578
807 62.1926
808 60.3732
809 60.5716
810 62.6576
811 61.9587
812 61.1379
813 60.3689
814 63.1809
815 62.6567
816 60.4269
817 59.938
818 63.0713
819 63.1077
820 59.4006
821 59.2277
822 63.022
823 63.2117
824 60.0806
825 59.4897
826 63.1282
827 63.2831
828 59.2593
829 59.1653
830 62.6759
831 63.164
832 60.0513
833 59.6629
834 62.829
835 63.108
836 59.6465
837 59.687
838 63.3279
839 62.7969
840 60.1759
841 59.4215
842 63.3972
843 63.37
844 59.2371
845 59.0555
846 62.9322
847 63.1589
848 59.63
849 59.4111
850 62.473
851 63.4895
852 59.5433
853 59.8228
854 62.3935
855 62.8142
856 59.9172
857 59.9967
858 61.7935
859 62.7302
860 59.9846
861 60.2619
862 61.9876
863 62.1969
864 60.4343
865 60.8006
866 61.9011
867 62.7574
868 60.0152
869 60.4931
870 61.6276
871 62.5364
872 60.3499
873 60.7735
874 61.4192
875 62.0042
876 60.1535
877 60.6727
878 61.6359
879 62.3845
880 60.0916
881 60.5418
882 61.7114
883 62.3918
884 60.1289
885 60.4622
886 61.5794
887 62.5068
888 60.1219
889 60.6024
890 61.5844
891 62.1339
892 60.3697
893 60.634
894 61.1775
895 61.8853
896 60.1808
897 60.6577
898 61.429
899 61.73
900 60.3921
901 60.7716
902 61.3176
903 62.086
904 60.0195
905 60.5032
906 61.4706
907 61.7645
908 60.4836
909 60.7946
910 61.1939
911 61.9276
912 59.95
913 60.1639
914 61.3968
915 61.7423
916 60.5337
917 61.1446
918 61.3221
919 61.7916
920 60.4176
921 60.668
922 61.6059
923 61.7836
924 60.4445
925 60.8896
926 61.6914
927 62.4794
928 59.8797
929 60.2411
930 61.4282
931 62.483
932 60.4315
933 60.8422
934 61.1488
935 61.4626
936 60.3605
937 60.6092
938 61.3371
939 61.9175
940 60.3574
941 60.5167
942 62.5435
943 61.5948
944 61.1056
945 60.2375
946 63.125
947 62.7202
948 60.0174
949 59.3295
950 62.7308
951 63.0342
952 59.4686
953 59.3908
954 62.6656
955 63.1461
956 59.8191
957 59.5977
958 62.4763
959 62.6994
960 59.5784
961 59.3342
962 62.4985
963 62.5466
964 60.0416
965 60.1248
966 62.8425
967 62.4712
968 60.1643
969 59.681
970 62.9351
971 62.7842
972 59.6035
973 59.2248
974 62.6927
975 62.709
976 59.6794
977 59.5335
978 62.3736
979 63.1533
980 59.5788
981 59.5653
982 62.1023
983 62.4984
984 59.769
985 59.5323
986 62.1169
987 62.5191
988 59.9609
989 59.805
990 62.7832
991 62.2608
992 60.2185
993 59.5911
994 63.0458
995 62.8742
996 59.6111
997 59.139
998 62.722
999 62.8665
