0 48.3956
1 52.6874
2 60.4781
3 54.9068
4 42.0671
5 48.565
6 48.1427
7 45.0273
8 50.4145
9 37.0474
10 27.6153
11 18.5018
12 17.3962
13 20.726
14 24.9264
15 22.0491
16 18.6659
17 19.5556
18 18.2966
19 16.816
20 15.3101
21 14.5775
22 13.599
23 13.0361
24 12.4226
25 12.1024
26 11.8158
27 11.6589
28 11.5042
29 11.4686
30 11.4578
31 11.7003
32 12.1004
33 13.3643
34 16.1166
35 19.2964
36 25.0959
37 25.395
38 20.1325
39 16.606
40 14.9985
41 15.7852
42 14.294
43 15.1236
44 14.7979
45 15.5552
46 15.205
47 15.9316
48 15.5467
49 16.869
50 18.012
51 20.1713
52 23.8851
53 20.5655
54 14.4968
55 13.8347
56 13.6237
57 15.1219
58 14.8026
59 16.2585
60 14.6385
61 14.4469
62 11.8554
63 10.4741
64 9.23024
65 8.82291
66 8.7665
67 8.6402
68 8.63036
69 8.57774
70 8.51934
71 8.4705
72 8.43592
73 8.37746
74 8.33518
75 8.31694
76 8.29269
77 8.26981
78 8.28839
79 8.23867
80 8.31163
81 8.30737
82 8.50004
83 8.77187
84 9.71463
85 11.676
86 20.1262
87 18.6973
88 22.067
89 30.8754
90 25.8251
91 30.4991
92 21.817
93 26.5934
94 33.9786
95 25.4339
96 20.1674
97 17.9169
98 17.9268
99 12.9653
100 11.9578
101 10.1964
102 9.63307
103 8.79908
104 8.63027
105 8.46071
106 8.38875
107 8.2843
108 8.2433
109 8.20753
110 8.14758
111 8.12687
112 8.07885
113 8.05836
114 8.00594
115 8.00574
116 7.98298
117 7.97031
118 7.93316
119 7.95154
120 7.95619
121 7.93555
122 7.93885
123 8.01468
124 8.07245
125 8.22916
126 8.64452
127 9.53018
128 12.1444
129 15.8554
130 28.0902
131 21.6767
132 22.9466
133 15.4705
134 14.8828
135 19.4287
136 16.4108
137 12.7422
138 9.5839
139 8.99972
140 8.3561
141 8.41355
142 8.19726
143 8.27855
144 8.17636
145 8.27055
146 8.22544
147 8.44154
148 8.62502
149 9.25731
150 10.355
151 13.5934
152 16.7914
153 22.11
154 16.4401
155 15.6762
156 19.8988
157 19.5084
158 18.233
159 21.3828
160 20.435
161 14.3068
162 11.3548
163 10.507
164 10.9548
165 11.7164
166 14.4092
167 15.4829
168 18.8858
169 16.2292
170 13.8718
171 12.2959
172 13.8198
173 17.8047
174 16.5329
175 11.4534
176 9.34124
177 8.50481
178 7.97624
179 7.96176
180 7.77526
181 7.78984
182 7.73835
183 7.70545
184 7.65295
185 7.65562
186 7.5994
187 7.60649
188 7.58036
189 7.54626
190 7.54126
191 7.49474
192 7.52333
193 7.50065
194 7.51201
195 7.58482
196 7.69608
197 7.96108
198 8.57069
199 10.1585
200 15.8493
201 17.037
202 15.5466
203 14.3086
204 21.3767
205 30.1909
206 27.5055
207 26.0499
208 23.889
209 16.4263
210 15.3494
211 14.0359
212 16.9286
213 15.1908
214 11.05
215 9.92765
216 8.54983
217 8.23651
218 7.73314
219 7.73688
220 7.59083
221 7.5836
222 7.49879
223 7.49471
224 7.44887
225 7.41108
226 7.36076
227 7.36696
228 7.30429
229 7.29296
230 7.2485
231 7.22979
232 7.1844
233 7.18089
234 7.17147
235 7.17299
236 7.17459
237 7.15379
238 7.17725
239 7.15845
240 7.17741
241 7.20779
242 7.28325
243 7.37704
244 7.5454
245 8.05106
246 9.10929
247 12.3059
248 30.297
249 27.3854
250 27.3382
251 20.0312
252 20.7907
253 17.5117
254 19.3499
255 19.7329
256 22.7792
257 24.9351
258 21.0607
259 14.7089
260 10.8148
261 8.93928
262 8.31869
263 7.91408
264 7.83681
265 7.68901
266 7.63186
267 7.55875
268 7.55392
269 7.46737
270 7.44344
271 7.37744
272 7.36647
273 7.32631
274 7.29442
275 7.26565
276 7.2205
277 7.19774
278 7.1763
279 7.16402
280 7.15991
281 7.14804
282 7.16871
283 7.1425
284 7.16699
285 7.18207
286 7.31502
287 7.34166
288 7.63075
289 7.85571
290 8.67761
291 10.2778
292 19.1606
293 16.6912
294 15.7123
295 12.464
296 10.1254
297 10.4039
298 11.4429
299 16.5392
300 15.8479
301 13.5194
302 11.5464
303 13.3447
304 14.931
305 21.0743
306 33.3093
307 26.052
308 24.6402
309 28.0902
310 16.8398
311 16.3209
312 16.7085
313 16.395
314 19.7857
315 15.8483
316 11.1997
317 8.73643
318 8.08416
319 7.67929
320 7.71212
321 7.58464
322 7.56384
323 7.48705
324 7.45886
325 7.3876
326 7.37473
327 7.33563
328 7.30244
329 7.2917
330 7.22832
331 7.22995
332 7.1605
333 7.17558
334 7.14335
335 7.14821
336 7.10639
337 7.10461
338 7.11415
339 7.09162
340 7.16691
341 7.15292
342 7.23527
343 7.2903
344 7.49709
345 7.95796
346 8.80952
347 11.4579
348 24.1072
349 18.5792
350 23.4612
351 31.2726
352 28.4331
353 24.3952
354 17.778
355 14.5951
356 17.8926
357 15.768
358 11.5397
359 9.02093
360 8.11457
361 7.58948
362 7.6256
363 7.47009
364 7.48454
365 7.37476
366 7.39034
367 7.32867
368 7.30236
369 7.26481
370 7.25654
371 7.25483
372 7.25145
373 7.24679
374 7.32719
375 7.33241
376 7.48609
377 7.6709
378 8.27117
379 9.47286
380 13.4378
381 15.9892
382 19.829
383 15.8512
384 15.2105
385 18.609
386 21.4064
387 19.7925
388 16.3984
389 11.7951
390 13.1758
391 17.1061
392 17.7825
393 14.9921
394 18.2212
395 18.6551
396 16.8406
397 17.6687
398 15.807
399 11.4507
400 8.91716
401 7.89281
402 7.45582
403 7.42665
404 7.33106
405 7.31985
406 7.25824
407 7.23431
408 7.20301
409 7.18886
410 7.13213
411 7.12774
412 7.1002
413 7.08795
414 7.088
415 7.05972
416 7.05008
417 7.0373
418 7.07707
419 7.03342
420 7.09943
421 7.12591
422 7.23906
423 7.33202
424 7.60802
425 8.37125
426 10.2771
427 13.9776
428 32.8186
429 18.0423
430 20.1836
431 26.3695
432 20.3329
433 17.7259
434 16.6839
435 13.5194
436 13.658
437 10.9676
438 9.56118
439 7.87049
440 7.53071
441 7.33957
442 7.34591
443 7.25612
444 7.21762
445 7.19812
446 7.14846
447 7.11871
448 7.09201
449 7.04502
450 7.04978
451 7.01579
452 7.00984
453 6.99768
454 6.99613
455 7.00672
456 7.05433
457 7.02939
458 7.17278
459 7.19184
460 7.39426
461 7.62607
462 8.43894
463 10.2171
464 16.0597
465 17.4866
466 15.3545
467 11.5517
468 12.6154
469 14.522
470 18.832
471 22.2169
472 27.4629
473 23.5957
474 18.1549
475 12.6665
476 11.4544
477 12.7828
478 14.0542
479 17.9202
480 15.618
481 10.4692
482 8.00558
483 7.43487
484 7.25652
485 7.24495
486 7.15982
487 7.11171
488 7.08234
489 7.04223
490 7.03225
491 6.95741
492 6.97469
493 6.92554
494 6.94571
495 6.9054
496 6.89888
497 6.89037
498 6.88174
499 6.93455
500 6.98966
501 7.08823
502 7.32483
503 7.75088
504 8.94114
505 12.4884
506 15.5047
507 20.8842
508 15.0766
509 11.1663
510 10.5728
511 10.7815
512 13.0616
513 14.3968
514 18.5317
515 15.4846
516 9.90456
517 7.51535
518 7.19241
519 7.11246
520 7.10379
521 7.06535
522 7.06037
523 7.05834
524 7.09341
525 7.11203
526 7.20093
527 7.27421
528 7.45139
529 7.68041
530 8.15128
531 9.02056
532 11.3295
533 16.1585
534 34.709
535 20.4889
536 22.4679
537 27.757
538 22.5309
539 21.5987
540 20.1078
541 13.2375
542 11.8001
543 10.1432
544 9.2987
545 8.46094
546 7.94976
547 7.55353
548 7.36517
549 7.26752
550 7.17143
551 7.12795
552 7.06504
553 7.01633
554 6.98997
555 6.96699
556 6.91294
557 6.90346
558 6.87617
559 6.84859
560 6.86175
561 6.84631
562 6.85857
563 6.81618
564 6.89178
565 6.80164
566 6.93211
567 6.9015
568 7.09297
569 7.22472
570 7.57947
571 8.16686
572 9.98829
573 12.9063
574 30.7433
575 18.7864
576 21.2919
577 22.5219
578 23.0983
579 17.9577
580 19.9647
581 20.07
582 19.3657
583 18.4931
584 17.0821
585 13.8894
586 13.2123
587 12.9932
588 12.2996
589 11.2351
590 9.63571
591 8.39401
592 7.82791
593 7.71153
594 7.54337
595 7.46341
596 7.37617
597 7.30774
598 7.25178
599 7.20114
600 7.15543
601 7.11045
602 7.11134
603 7.06422
604 7.09875
605 7.07921
606 7.1597
607 7.22276
608 7.35269
609 7.64084
610 8.17753
611 9.45353
612 13.4773
613 16.216
614 18.6457
615 14.9325
616 12.6425
617 11.5373
618 11.5646
619 10.9766
620 11.8402
621 12.3599
622 15.135
623 15.2198
624 16.6159
625 15.5298
626 15.012
627 15.0468
628 16.6874
629 21.2209
630 17.6512
631 10.027
632 7.81712
633 7.4388
634 7.23667
635 7.12789
636 7.06948
637 7.00394
638 6.97993
639 6.95618
640 6.933
641 6.9042
642 6.90033
643 6.85825
644 6.84707
645 6.83105
646 6.79678
647 6.7939
648 6.77608
649 6.75802
650 6.75406
651 6.74529
652 6.72872
653 6.73985
654 6.71273
655 6.74328
656 6.69034
657 6.73339
658 6.67967
659 6.76452
660 6.7447
661 6.8607
662 6.88823
663 7.09831
664 7.25533
665 7.603
666 8.21273
667 9.7076
668 13.6156
669 29.1163
670 19.7348
671 26.3666
672 29.1252
673 21.5709
674 14.8559
675 14.699
676 14.8626
677 18.6347
678 15.0284
679 10.7795
680 8.71084
681 7.82966
682 7.41845
683 7.17869
684 7.10554
685 7.01984
686 6.97363
687 6.90638
688 6.89055
689 6.83682
690 6.83568
691 6.77744
692 6.77089
693 6.74091
694 6.70319
695 6.67853
696 6.65377
697 6.65612
698 6.63211
699 6.638
700 6.62765
701 6.62062
702 6.61054
703 6.60772
704 6.61653
705 6.5976
706 6.61488
707 6.60411
708 6.62368
709 6.61864
710 6.64997
711 6.65207
712 6.7337
713 6.72453
714 6.92105
715 6.95038
716 7.31105
717 7.49891
718 8.46558
719 10.0406
720 19.1936
721 19.289
722 21.3098
723 30.0319
724 25.2729
725 32.2359
726 29.6291
727 30.6324
728 25.4725
729 16.321
730 14.5958
731 10.8726
732 9.07076
733 7.79387
734 7.47229
735 7.34014
736 7.25441
737 7.18838
738 7.16086
739 7.11368
740 7.07004
741 7.07882
742 7.04105
743 7.05393
744 6.99184
745 7.05963
746 7.00339
747 7.06995
748 7.07905
749 7.17696
750 7.30959
751 7.67779
752 8.19973
753 9.63284
754 12.3266
755 24.5886
756 18.3564
757 23.2942
758 28.3092
759 20.5828
760 16.1212
761 14.6797
762 12.9311
763 10.5642
764 8.75933
765 8.25696
766 7.86738
767 7.57232
768 7.37443
769 7.16266
770 7.1189
771 7.0074
772 7.02427
773 6.92402
774 6.93259
775 6.85777
776 6.85573
777 6.79674
778 6.79841
779 6.74649
780 6.7868
781 6.72962
782 6.81569
783 6.73151
784 6.86238
785 6.79799
786 6.95565
787 6.95014
788 7.26943
789 7.58564
790 8.5385
791 10.5057
792 19.0074
793 17.7472
794 18.1969
795 18.1602
796 20.4495
797 26.2573
798 20.1382
799 12.2866
800 9.06283
801 7.52237
802 6.87185
803 6.82627
804 6.76189
805 6.76273
806 6.68425
807 6.66903
808 6.64872
809 6.63308
810 6.61408
811 6.5971
812 6.62755
813 6.58956
814 6.64434
815 6.64017
816 6.73378
817 6.79822
818 7.03812
819 7.46563
820 8.48588
821 11.2859
822 26.2135
823 19.1777
824 25.3593
825 29.4448
826 20.6675
827 15.7617
828 13.184
829 9.4635
830 7.79521
831 7.0447
832 6.93992
833 6.81048
834 6.80258
835 6.75281
836 6.74062
837 6.69252
838 6.68249
839 6.66011
840 6.65587
841 6.65887
842 6.65006
843 6.63834
844 6.65481
845 6.65034
846 6.73079
847 6.78026
848 6.98403
849 7.35507
850 8.12352
851 10.2051
852 19.4273
853 17.0065
854 17.3211
855 16.2236
856 17.0549
857 18.7983
858 14.4234
859 16.8411
860 16.0896
861 16.4815
862 22.5779
863 20.0813
864 14.2276
865 17.3105
866 15.3328
867 13.81
868 10.7284
869 9.38763
870 7.96661
871 7.34837
872 7.11226
873 7.02277
874 6.93821
875 6.86774
876 6.84772
877 6.79456
878 6.76999
879 6.74067
880 6.72175
881 6.68295
882 6.66663
883 6.63471
884 6.63988
885 6.60575
886 6.61998
887 6.56431
888 6.58922
889 6.54185
890 6.57802
891 6.51909
892 6.53666
893 6.5123
894 6.51428
895 6.53884
896 6.50825
897 6.55383
898 6.5093
899 6.59273
900 6.56137
901 6.68698
902 6.67692
903 6.85082
904 7.09817
905 7.67289
906 9.01269
907 13.989
908 16.436
909 18.1666
910 20.3384
911 24.9456
912 23.2503
913 26.3546
914 30.4161
915 26.2635
916 17.6156
917 15.2553
918 13.483
919 11.7951
920 10.4508
921 8.56903
922 7.6826
923 7.21271
924 7.07851
925 6.99108
926 6.91568
927 6.87496
928 6.81055
929 6.78192
930 6.7323
931 6.71466
932 6.68178
933 6.66028
934 6.62
935 6.60536
936 6.58073
937 6.56859
938 6.55716
939 6.53732
940 6.52301
941 6.51176
942 6.48216
943 6.47798
944 6.45287
945 6.48246
946 6.44123
947 6.4746
948 6.45227
949 6.49839
950 6.45461
951 6.57259
952 6.53848
953 6.66385
954 6.72664
955 6.9108
956 7.30248
957 7.89149
958 9.68452
959 16.5757
960 18.2026
961 19.2672
962 28.2829
963 22.4022
964 24.6233
965 28.4836
966 17.1665
967 18.5039
968 19.7244
969 15.4107
970 14.0316
971 11.7151
972 9.51265
973 7.75955
974 7.08635
975 7.03771
976 6.89707
977 6.87884
978 6.83379
979 6.78193
980 6.74694
981 6.68391
982 6.65875
983 6.63935
984 6.60743
985 6.57207
986 6.57086
987 6.54256
988 6.53726
989 6.51256
990 6.50916
991 6.46049
992 6.46411
993 6.4332
994 6.44533
995 6.42676
996 6.45238
997 6.46104
998 6.49331
999 6.5214
