120 2
38.140  2.182
36.743 -0.512
37.809  1.581
35.996  0.370
37.354  1.123
39.953  4.129
39.973  3.651
39.653  2.364
37.700  1.121
39.099  1.818
40.352  2.390
37.544  0.323
35.545 -3.088
38.659  2.527
38.738  2.863
36.244  0.571
38.456  2.613
35.735  1.333
39.302  2.775
38.667  1.048
32.059 38.684
30.183 38.798
35.098 40.519
34.743 38.848
26.824 35.644
36.268 40.526
33.204 36.405
31.971 38.027
32.511 36.040
29.478 36.073
32.543 37.298
30.036 37.148
33.075 38.524
31.141 35.087
32.691 36.257
33.872 39.480
32.558 37.662
32.303 38.721
30.855 36.042
31.622 36.914
22.046  7.410
26.240 12.239
26.039 12.861
26.331 10.197
27.489 11.850
21.300 12.048
22.834 10.016
23.585 10.462
22.109  9.835
26.758 11.443
26.229 13.340
27.653 13.858
23.172  9.821
20.908  9.948
27.047 11.345
25.910 11.689
23.443 12.751
27.622 13.547
23.921 12.422
24.229 11.519
 8.417 35.873
11.149 38.644
12.136 39.277
 8.161 37.607
 8.490 36.252
10.060 37.295
14.511 42.459
11.083 39.064
10.064 37.967
13.968 40.931
 8.878 36.259
11.918 39.534
 9.885 37.167
 8.804 36.678
13.079 40.843
 9.951 37.148
 6.721 34.521
10.213 37.912
11.659 38.703
10.008 37.740
11.465  7.237
10.632  5.346
 6.891  4.240
 6.629  3.631
 9.527  4.478
11.473  6.997
10.791  8.266
 7.260  3.628
10.306  7.556
10.691  5.319
 8.295  4.834
10.721  6.422
13.060  7.276
 8.758  3.850
10.817  5.848
 7.208  4.948
 9.114  4.911
10.320  6.498
 8.369  4.603
11.616  6.739
33.976 47.668
34.123 48.024
35.671 47.253
35.421 49.701
38.327 50.765
38.444 47.994
36.764 48.735
34.119 45.180
30.518 46.723
35.022 47.606
36.155 49.474
33.605 48.975
35.640 49.100
35.159 46.955
30.583 45.594
33.967 45.919
35.989 48.704
35.403 49.024
34.164 46.420
34.191 47.478
