1000 2
26.305 21.023
19.314 15.849
26.770 21.368
25.200 20.206
26.989 21.530
23.224 18.743
24.942 20.015
24.234 19.490
22.031 17.860
25.585 20.490
27.096 21.609
22.007 17.842
24.896 19.980
27.619 21.996
27.495 21.904
20.982 17.084
26.314 21.030
27.807 22.135
24.666 19.810
24.376 19.595
22.572 18.260
25.939 20.753
25.625 20.520
24.434 19.639
27.584 21.970
24.183 19.453
24.580 19.747
26.344 21.052
26.071 20.850
28.304 22.503
24.971 20.036
25.248 20.241
23.037 18.605
28.650 22.759
23.531 18.970
25.969 20.775
23.248 18.760
25.641 20.532
26.032 20.821
25.045 20.091
22.315 18.070
25.595 20.498
27.258 21.729
26.417 21.106
23.770 19.147
27.101 21.612
26.351 21.057
25.477 20.410
26.278 21.003
28.191 22.419
25.850 20.686
24.484 19.675
27.380 21.819
26.499 21.167
24.774 19.890
24.461 19.658
25.298 20.278
22.455 18.174
25.773 20.629
23.779 19.154
22.378 18.117
24.953 20.023
25.351 20.317
26.753 21.355
24.877 19.967
23.922 19.260
28.876 22.926
23.778 19.153
25.884 20.711
24.640 19.791
27.174 21.667
27.817 22.143
26.309 21.026
24.572 19.740
23.951 19.281
23.887 19.234
26.161 20.916
24.647 19.796
26.765 21.364
26.042 20.828
25.731 20.598
22.424 18.150
24.567 19.737
24.225 19.484
25.427 20.373
25.917 20.736
24.334 19.565
26.659 21.286
24.968 20.034
27.679 22.040
23.609 19.028
24.940 20.013
25.044 20.090
25.877 20.706
24.642 19.793
25.122 20.148
26.519 21.181
25.352 20.318
22.080 17.896
27.352 21.798
26.324 21.037
24.358 19.582
26.334 21.044
25.400 20.354
26.722 21.332
26.607 21.247
27.473 21.888
24.088 19.382
24.986 20.047
25.312 20.289
26.816 21.402
27.830 22.152
25.372 20.333
25.258 20.249
25.900 20.724
22.019 17.851
26.972 21.517
24.655 19.802
25.528 20.449
25.582 20.488
23.018 18.590
24.329 19.561
24.865 19.957
24.610 19.769
25.123 20.148
23.560 18.991
22.936 18.530
24.056 19.359
26.713 21.325
29.105 23.096
27.307 21.765
27.242 21.717
23.763 19.142
24.254 19.505
24.552 19.726
30.156 23.873
26.372 21.073
26.173 20.925
26.246 20.980
27.497 21.906
24.833 19.934
25.678 20.559
25.268 20.256
26.789 21.382
24.407 19.619
22.621 18.296
24.037 19.345
25.716 20.587
26.518 21.181
24.594 19.757
25.032 20.081
25.350 20.317
24.996 20.054
23.105 18.655
24.835 19.935
23.519 18.961
25.961 20.769
24.284 19.528
25.760 20.620
23.694 19.091
24.303 19.541
23.799 19.169
23.121 18.666
24.920 19.999
25.773 20.629
24.812 19.918
26.566 21.217
24.496 19.684
26.687 21.306
26.408 21.099
24.251 19.503
25.361 20.325
25.729 20.597
28.946 22.978
24.659 19.805
24.697 19.833
25.011 20.065
23.311 18.807
24.658 19.804
23.134 18.677
24.159 19.435
26.361 21.065
25.082 20.118
26.346 21.053
26.681 21.302
26.292 21.014
24.979 20.042
25.668 20.552
24.409 19.620
26.533 21.192
28.154 22.392
25.049 20.094
23.739 19.124
24.580 19.746
25.277 20.262
22.836 18.456
26.806 21.394
24.100 19.391
24.389 19.605
25.813 20.659
 4.535  7.515
-0.028  3.814
 0.185  2.952
 4.618  6.643
 4.757  5.436
 1.684  5.610
 1.400  8.227
 4.687  9.037
 0.738  6.362
 5.543  8.641
 2.042  7.496
 2.782  7.709
 7.350 11.628
-0.487  5.518
 3.159  7.886
 2.845  5.339
 5.927  9.423
-0.893  3.098
 4.436  7.379
 3.495  7.564
 2.448  5.779
 4.244  7.697
 0.676  4.473
 2.184  5.974
 5.523  7.902
 0.299  5.827
 3.567  5.677
 2.037  3.375
 5.627  8.349
-1.377  4.965
 1.442  4.626
 5.322  8.227
 6.305 10.840
 2.233  5.410
 1.164  4.120
 4.748  9.213
 5.139  5.376
 2.518  7.635
 2.025  7.814
 1.073  4.512
 1.202  4.649
 1.271  3.887
 4.582  7.704
 2.776  7.140
 4.364  6.751
 6.325  8.951
 0.399  3.092
 1.030  4.127
-1.920  5.875
 4.970  9.686
 3.272  7.886
 5.524  8.773
 3.862  4.225
 0.078  3.966
 0.922  6.125
 1.979  6.449
 1.274  4.196
 0.349  7.389
 3.274  7.590
 0.753  7.002
 2.143  6.910
 4.048  4.575
-0.043  5.011
 3.714  5.854
 4.139  9.929
 3.349  5.700
 6.423  9.146
 2.869  8.261
 0.125  5.747
 3.671  7.425
 2.758  7.664
 1.744  5.655
 2.037  9.311
 1.657  5.240
 0.867  5.889
 2.354  6.254
 2.345  5.725
 0.814  2.311
 6.644  8.815
 3.797  7.133
 3.191  7.805
 4.604  7.128
 2.339  6.810
 2.834  6.979
 4.995  7.456
 4.752  7.229
 8.536  9.173
 4.956 11.257
 1.872  7.341
 1.689  5.893
-0.284  3.863
 5.080  9.295
 4.105  6.444
 1.516  5.649
 2.663  5.433
 7.203  9.152
-1.856  3.272
 2.451  6.504
 3.689  9.059
 1.859  4.960
 0.769  5.953
 3.572  7.155
 5.185  7.104
 2.303  6.876
 0.896  6.876
 3.042  6.079
 5.467  7.330
 0.157  3.861
 4.115 10.494
 3.449  6.549
 1.107  7.210
 4.975  6.958
 1.946  7.765
 3.733  7.766
 1.860  3.739
 1.537  5.136
-1.351  5.996
 2.741  6.953
 5.515  8.775
 4.579  8.488
 4.521  8.236
 4.646  8.271
 4.121  9.095
 4.240  9.087
 2.179  4.034
 2.851  6.976
 4.039  6.707
 4.892  6.937
 2.133  4.136
 6.020  6.988
 5.751  7.796
 4.201  7.716
 7.967  9.593
 4.796  3.871
 3.455  6.848
 4.392  8.096
 5.500  8.193
 2.481  5.123
 3.012  4.954
 1.293  4.183
 4.086  8.227
 3.338  9.586
 5.296  9.238
 1.068  5.851
 6.092  6.686
 3.435  6.436
-0.710  6.154
 5.237  6.640
-1.088  3.047
 1.565  5.410
 5.342  7.865
 3.318  6.422
 1.195  3.744
-0.032  3.144
 1.359  6.859
 4.288  7.385
 1.841  5.664
 3.449  7.793
 1.878  4.893
-0.679  4.902
 3.620  7.315
 4.863  7.718
 6.535 10.718
 1.183  5.474
 5.614  7.542
 0.736  6.582
 5.266  8.236
 5.753  9.871
 3.623  6.284
 2.241  6.487
-1.070  4.173
 2.472  7.289
 0.208  6.835
 2.081  5.693
 1.197  7.626
-1.166  2.825
 4.221  8.204
 5.497  7.698
 2.074  5.563
 1.227  6.596
 2.848  5.044
 2.209  6.550
 5.070  8.872
-1.160  3.849
-0.730  4.936
 3.233  7.269
 2.113  5.289
 4.380  6.353
 0.534  6.011
 3.832  6.683
 3.168  5.504
 8.473 11.992
 4.597  7.472
 1.627  5.702
 4.049  9.122
 6.369  9.658
 3.835  7.670
 2.848  6.604
 1.750  6.355
 1.451  6.847
49.911 28.343
49.374 22.562
46.183 27.671
48.963 23.981
49.308 26.137
52.378 27.643
49.419 26.254
55.075 33.737
47.084 24.930
46.246 24.494
50.474 26.923
48.550 24.047
52.702 29.781
47.014 25.852
49.424 23.052
55.055 27.652
43.596 24.377
46.055 23.407
49.176 26.331
45.291 22.635
48.796 25.786
53.180 26.686
49.795 24.648
52.453 29.552
45.889 24.545
49.431 27.585
49.453 24.541
47.016 24.257
52.461 26.016
49.803 24.933
50.023 28.724
48.918 27.175
48.144 24.896
50.645 25.649
48.292 24.559
50.349 23.927
50.242 25.500
49.201 23.323
47.718 25.043
47.316 25.402
45.496 20.827
52.025 27.394
47.023 24.429
46.093 23.478
47.143 24.271
48.746 23.788
49.565 25.879
45.594 20.906
48.436 28.410
52.028 28.311
50.447 25.249
48.016 25.131
47.905 25.711
49.188 28.013
50.654 27.431
46.355 22.156
52.711 30.000
47.605 25.929
49.159 27.509
48.588 24.345
46.513 20.927
52.690 25.694
49.023 26.482
48.272 27.964
49.244 27.377
46.407 24.821
46.567 21.789
46.122 24.434
47.782 24.850
47.175 24.748
50.261 22.060
52.027 26.415
44.715 23.759
52.069 24.636
46.517 23.840
49.141 26.448
47.898 24.195
48.620 26.903
53.750 26.807
53.827 26.345
51.337 30.357
50.447 28.635
49.925 25.518
46.645 27.233
46.844 24.281
53.094 29.674
51.112 26.171
48.107 26.392
46.424 23.292
49.029 26.489
51.345 27.381
49.848 25.764
49.279 24.176
48.708 28.414
47.614 23.840
46.610 25.743
50.383 26.392
49.687 27.586
46.786 26.746
45.133 22.523
48.379 24.306
48.671 25.566
48.484 23.970
50.655 25.328
49.193 26.381
49.287 27.307
50.643 25.137
48.694 24.853
49.527 24.764
47.042 24.318
51.094 29.752
46.269 23.943
50.833 25.924
53.737 31.796
51.108 27.329
47.654 25.967
50.457 29.095
48.745 25.804
49.067 27.293
50.195 24.303
48.833 25.835
51.990 31.643
48.029 26.600
50.560 23.972
47.359 24.762
49.316 24.919
44.069 20.207
50.027 26.490
46.554 22.198
49.230 25.667
50.951 27.332
47.747 23.805
46.861 21.783
50.458 26.870
47.085 22.534
49.034 25.542
52.710 26.831
49.848 25.655
45.964 24.811
46.033 22.085
46.135 21.181
46.170 24.079
50.209 27.047
51.852 25.796
50.234 26.456
45.808 25.885
50.715 24.440
48.737 26.561
47.680 20.488
49.685 26.670
48.496 27.338
50.135 25.592
47.687 25.030
48.933 24.261
52.725 31.360
46.825 26.203
49.985 27.964
52.323 31.435
49.112 25.637
48.509 26.442
47.529 27.647
45.558 28.103
47.508 21.467
47.717 25.005
47.359 23.464
48.329 27.513
50.539 27.471
51.259 27.650
53.313 27.964
48.702 24.990
48.679 24.894
50.469 25.537
44.801 27.911
50.958 24.870
50.461 27.243
50.158 26.851
48.492 26.764
51.798 26.745
47.610 27.892
48.470 22.755
47.088 26.347
48.590 22.886
48.393 26.927
49.171 27.501
52.418 28.358
48.148 23.457
49.360 25.484
48.590 25.228
46.141 25.472
48.394 25.866
48.514 22.402
48.274 27.978
47.313 24.552
47.992 25.226
48.444 26.821
52.683 27.081
49.141 25.092
47.625 24.465
48.367 26.475
50.840 26.890
29.821  1.882
30.196  2.015
30.028  1.955
32.836  2.947
30.946  2.279
31.112  2.338
33.014  3.009
30.931  2.274
27.038  0.900
28.447  1.397
31.233  2.381
28.825  1.531
25.157  0.236
30.034  1.957
32.551  2.846
32.449  2.810
30.167  2.004
31.337  2.417
32.845  2.950
32.449  2.810
32.481  2.821
32.706  2.901
34.572  3.560
36.197  4.133
30.181  2.009
30.342  2.066
28.910  1.561
31.071  2.323
32.485  2.823
34.741  3.619
28.397  1.379
29.213  1.668
24.414 -0.027
24.811  0.113
31.538  2.488
34.713  3.609
30.647  2.174
29.168  1.651
29.344  1.714
32.011  2.655
33.308  3.113
31.425  2.448
30.255  2.035
31.604  2.512
28.931  1.568
25.268  0.275
28.312  1.349
27.635  1.111
32.056  2.671
32.282  2.751
31.229  2.379
28.187  1.305
26.708  0.783
33.209  3.078
32.494  2.826
32.101  2.687
32.569  2.853
30.867  2.251
35.430  3.862
32.910  2.973
30.253  2.035
31.409  2.443
32.125  2.696
31.087  2.329
31.339  2.418
31.091  2.331
25.819  0.469
33.840  3.301
30.946  2.279
34.087  3.388
28.750  1.504
27.605  1.100
28.455  1.400
28.729  1.497
33.939  3.336
32.002  2.652
33.647  3.233
33.291  3.107
32.411  2.797
28.131  1.285
29.769  1.864
28.159  1.295
31.792  2.578
31.070  2.323
28.818  1.528
28.969  1.582
29.963  1.932
33.472  3.171
31.261  2.391
32.053  2.670
30.890  2.259
32.004  2.653
32.374  2.783
32.878  2.962
31.312  2.409
36.628  4.285
30.687  2.188
29.477  1.761
32.622  2.871
32.328  2.767
26.435  0.687
32.695  2.897
29.159  1.648
33.557  3.201
29.081  1.621
27.423  1.035
25.014  0.185
32.467  2.816
30.096  1.979
33.073  3.030
35.232  3.793
33.762  3.273
29.563  1.791
29.366  1.721
33.197  3.074
31.591  2.507
30.743  2.208
30.282  2.045
28.459  1.401
32.171  2.712
30.269  2.040
31.320  2.412
27.670  1.123
36.082  4.092
27.806  1.171
32.738  2.912
32.172  2.712
27.730  1.144
30.200  2.016
29.041  1.607
29.918  1.917
34.274  3.454
31.454  2.459
33.125  3.049
31.749  2.563
25.878  0.490
28.501  1.416
32.521  2.835
35.703  3.959
33.963  3.345
35.428  3.862
31.058  2.319
30.026  1.954
29.421  1.741
29.426  1.743
35.260  3.802
31.363  2.427
31.018  2.305
28.388  1.376
29.940  1.924
34.487  3.529
28.698  1.486
31.360  2.426
32.767  2.922
31.605  2.512
30.931  2.274
26.271  0.629
29.450  1.751
28.344  1.361
33.273  3.101
30.620  2.164
30.454  2.106
40.843  5.773
30.878  2.255
30.022  1.953
33.325  3.119
33.523  3.189
31.694  2.543
32.429  2.803
30.810  2.231
33.563  3.203
29.667  1.828
33.936  3.335
32.554  2.847
31.236  2.382
28.684  1.481
35.742  3.972
34.278  3.456
35.327  3.826
33.722  3.259
33.495  3.179
31.120  2.341
34.735  3.617
31.902  2.617
30.240  2.030
31.255  2.389
34.159  3.414
32.802  2.935
33.583  3.211
29.555  1.788
32.393  2.790
28.259  1.331
32.509  2.831
26.942  0.866
28.189  1.306
29.365  1.721
30.533  2.134
30.791  2.225
27.315  0.997
32.579  2.856
37.787 37.810
41.375 41.160
36.938 37.017
39.061 39.000
37.765 37.789
39.641 39.541
36.471 36.581
38.939 38.885
40.120 39.988
38.642 38.608
39.200 39.130
34.700 34.928
35.863 36.013
39.272 39.197
40.676 40.508
37.444 37.490
38.963 38.908
37.145 37.210
37.242 37.302
37.025 37.099
37.454 37.499
37.127 37.194
35.577 35.747
38.646 38.612
38.992 38.935
39.368 39.287
38.146 38.146
39.255 39.181
35.926 36.072
40.888 40.706
39.262 39.187
38.620 38.588
39.168 39.099
36.473 36.583
39.227 39.155
37.919 37.933
37.349 37.401
40.268 40.127
38.112 38.114
37.484 37.527
36.732 36.825
36.448 36.560
37.221 37.282
38.352 38.337
37.948 37.960
35.627 35.794
36.298 36.420
38.209 38.204
39.177 39.108
41.701 41.465
38.800 38.756
37.864 37.882
36.624 36.724
40.603 40.440
37.892 37.908
37.072 37.142
38.327 38.314
38.602 38.571
37.354 37.406
40.041 39.914
40.054 39.927
37.915 37.930
41.760 41.520
35.404 35.585
34.164 34.428
37.219 37.280
35.495 35.670
39.285 39.209
37.764 37.788
36.562 36.667
39.399 39.316
36.693 36.789
37.334 37.387
37.411 37.459
38.140 38.139
36.515 36.622
39.862 39.748
38.228 38.222
37.471 37.515
36.039 36.178
38.572 38.543
41.760 41.520
39.553 39.459
39.828 39.716
41.022 40.831
39.805 39.694
35.730 35.889
36.120 36.254
38.910 38.859
39.436 39.349
35.530 35.702
37.053 37.125
40.020 39.895
39.340 39.260
37.952 37.964
39.238 39.165
36.673 36.770
36.933 37.013
40.016 39.891
40.413 40.262
39.261 39.186
41.614 41.384
37.637 37.670
36.440 36.553
39.745 39.638
38.927 38.875
38.865 38.816
37.314 37.368
36.441 36.553
39.273 39.197
38.705 38.667
37.349 37.401
38.664 38.629
36.303 36.424
33.831 34.116
40.009 39.885
39.580 39.485
38.041 38.047
38.728 38.689
39.385 39.303
36.330 36.449
37.350 37.402
40.967 40.780
40.487 40.331
37.886 37.902
36.886 36.969
37.501 37.543
37.947 37.959
38.543 38.516
37.518 37.559
36.511 36.618
36.554 36.658
41.273 41.065
37.294 37.350
42.105 41.842
39.502 39.411
38.133 38.133
39.446 39.360
39.632 39.533
38.062 38.067
37.302 37.358
38.077 38.081
37.092 37.161
38.347 38.333
35.846 35.997
37.723 37.750
39.559 39.465
40.076 39.947
38.266 38.258
37.914 37.928
35.436 35.615
36.654 36.752
36.943 37.022
41.276 41.068
36.930 37.010
38.016 38.024
37.592 37.628
39.211 39.139
41.975 41.720
38.393 38.376
39.516 39.424
38.199 38.194
38.525 38.499
37.896 37.912
36.348 36.467
40.376 40.228
39.130 39.064
36.815 36.903
37.216 37.277
35.653 35.818
41.889 41.640
36.811 36.898
37.408 37.456
36.577 36.680
38.228 38.222
37.052 37.124
38.307 38.295
39.762 39.654
37.705 37.734
36.726 36.820
38.896 38.845
39.317 39.239
37.592 37.628
36.732 36.825
35.269 35.459
39.004 38.946
36.178 36.307
37.539 37.579
38.006 38.015
34.973 35.183
38.137 38.137
37.624 37.658
37.343 37.396
38.916 38.864
38.545 38.517
41.595 41.366
36.926 37.006
37.833 37.853
40.452 40.298
39.376 39.294
