27.985 33.462
27.588 31.065
24.090 32.095
27.493 32.112
20.733 28.755
22.381 29.050
25.840 30.915
30.174 34.068
28.922 33.363
23.525 31.605
25.203 35.121
25.358 31.118
23.099 31.430
24.993 32.715
28.825 29.801
23.118 32.917
23.010 27.171
24.760 30.314
25.126 31.442
24.544 29.900
22.901 29.552
21.042 28.218
26.225 31.887
26.897 30.700
23.054 27.794
26.452 32.366
24.322 36.871
25.534 32.055
26.179 33.749
25.434 25.979
24.432 31.448
28.367 27.553
22.313 33.323
23.243 31.518
26.285 27.808
23.227 31.948
26.453 31.123
24.328 31.940
23.058 30.223
24.566 31.529
25.353 32.178
25.200 31.542
23.892 32.320
26.670 29.865
27.258 33.212
26.347 30.600
28.542 31.019
25.609 32.014
23.811 31.613
24.084 32.925
27.527 31.946
25.349 26.285
24.687 30.614
23.588 27.731
26.247 32.968
24.241 31.356
24.519 33.084
24.480 29.067
28.366 35.758
27.514 33.311
23.534 31.516
23.379 34.048
28.837 27.286
25.435 30.294
25.708 33.651
29.596 33.742
26.130 30.775
25.923 29.183
25.370 30.846
24.348 31.234
26.356 31.814
26.363 32.738
27.394 29.518
21.685 29.086
27.032 31.677
26.257 30.551
25.157 32.664
27.994 31.203
22.870 34.301
23.695 28.524
25.693 30.911
30.272 34.477
27.322 35.521
25.881 27.160
22.470 27.137
24.928 30.108
25.824 32.242
23.983 30.513
23.071 31.768
22.093 33.305
24.705 34.364
25.042 29.894
27.793 33.592
23.701 28.351
23.711 34.109
26.768 31.250
27.007 31.674
21.505 30.897
25.893 31.139
27.187 30.246
24.469 28.551
26.586 31.598
23.410 29.882
27.164 31.624
22.981 28.430
26.711 31.638
26.621 31.577
24.651 31.480
27.285 30.859
28.634 32.633
28.959 31.537
25.034 32.122
25.396 31.323
25.748 33.414
25.688 31.758
25.425 34.046
26.838 34.497
26.822 29.454
23.052 30.038
23.334 29.764
27.268 29.316
26.723 33.436
24.881 29.960
27.375 32.878
21.834 29.581
23.464 30.547
28.946 37.789
24.860 30.605
22.349 29.182
25.822 30.361
23.039 27.057
29.806 31.658
24.135 28.896
24.579 33.990
28.623 33.294
26.106 31.778
25.593 33.588
26.773 28.528
24.056 31.985
25.295 28.805
24.255 33.349
25.742 32.318
25.237 32.504
24.908 25.654
24.062 29.651
25.209 27.983
24.012 30.651
26.136 34.649
23.665 29.331
28.589 31.670
23.647 32.472
25.769 31.086
27.085 30.202
24.851 32.335
23.002 32.429
23.252 27.670
28.485 33.442
23.963 28.035
25.393 31.972
26.603 29.607
22.849 31.525
28.195 32.647
27.867 32.802
21.540 28.023
23.829 34.357
25.438 30.407
26.847 34.984
20.839 29.722
24.714 29.475
24.973 33.662
27.449 31.713
26.665 31.803
25.045 31.140
25.100 30.090
24.147 29.127
23.012 27.879
24.657 32.012
22.449 28.092
25.880 31.275
25.630 32.664
26.594 33.835
24.005 29.282
25.152 31.042
25.866 33.096
25.929 32.247
26.186 31.065
22.713 29.702
24.920 30.765
25.449 30.299
27.206 32.071
26.918 31.645
25.102 30.480
23.859 29.417
24.898 27.836
19.614 26.950
22.936 29.923
25.850 30.299
25.116 33.616
24.946 30.034
23.833 31.023
44.055  7.606
39.866  2.907
43.962  7.502
42.661  6.043
41.202  4.406
42.652  6.032
43.639  7.141
43.659  7.162
43.417  6.891
41.345  4.567
42.210  5.537
38.865  1.785
40.932  4.103
43.256  6.710
42.596  5.970
43.428  6.903
43.216  6.665
41.792  5.069
40.144  3.219
40.598  3.728
43.830  7.355
43.899  7.432
42.224  5.553
42.092  5.405
41.630  4.887
42.031  5.336
41.825  5.105
43.979  7.522
42.992  6.414
43.514  7.000
43.788  7.308
41.906  5.196
42.096  5.409
43.853  7.381
41.389  4.616
42.256  5.589
43.032  6.459
42.278  5.613
42.681  6.065
44.202  7.771
42.873  6.281
41.824  5.104
43.595  7.090
44.446  8.045
41.405  4.634
42.472  5.831
42.116  5.431
43.408  6.881
40.645  3.782
43.415  6.889
42.538  5.905
42.844  6.249
40.691  3.833
44.309  7.892
41.063  4.250
42.367  5.713
44.056  7.608
43.119  6.557
41.415  4.645
43.594  7.090
41.752  5.023
43.439  6.916
43.057  6.487
41.715  4.982
41.614  4.868
44.368  7.958
41.327  4.546
39.675  2.693
42.158  5.479
41.637  4.894
42.300  5.638
42.677  6.061
41.299  4.514
43.835  7.360
39.984  3.039
42.598  5.972
42.388  5.737
43.089  6.524
43.732  7.245
40.659  3.797
41.035  4.219
42.506  5.869
44.111  7.670
40.428  3.538
43.173  6.617
44.461  8.062
43.465  6.945
45.830  9.598
41.098  4.289
42.833  6.236
44.010  7.557
40.519  3.640
44.463  8.065
40.180  3.260
42.510  5.874
42.457  5.814
42.523  5.888
42.401  5.751
44.262  7.839
43.322  6.785
41.457  4.692
41.767  5.040
43.892  7.423
42.395  5.745
42.927  6.342
42.760  6.154
41.211  4.416
40.198  3.280
41.403  4.632
42.878  6.287
42.094  5.407
44.533  8.144
43.668  7.173
42.693  6.079
44.080  7.635
41.720  4.987
42.636  6.015
42.746  6.138
43.386  6.856
42.334  5.676
43.031  6.458
42.489  5.850
42.001  5.303
40.530  3.652
43.795  7.315
43.358  6.825
42.019  5.323
43.234  6.685
41.724  4.991
43.785  7.304
43.359  6.826
40.531  3.653
42.651  6.032
42.389  5.738
41.282  4.496
45.178  8.867
42.799  6.198
43.652  7.155
42.283  5.619
42.596  5.970
42.777  6.173
41.514  4.756
42.068  5.378
42.001  5.302
42.858  6.263
41.581  4.831
41.735  5.004
42.958  6.376
40.659  3.797
40.911  4.080
42.930  6.344
42.332  5.674
40.583  3.711
41.344  4.565
43.197  6.644
42.616  5.992
42.558  5.927
42.924  6.337
44.340  7.926
41.044  4.229
43.177  6.621
41.391  4.618
42.437  5.792
43.180  6.625
42.671  6.054
44.602  8.221
42.270  5.604
41.882  5.169
44.010  7.557
41.800  5.077
42.612  5.988
41.005  4.185
44.417  8.013
40.576  3.704
43.821  7.345
43.739  7.252
44.433  8.031
42.392  5.741
42.077  5.388
42.599  5.973
43.446  6.923
42.757  6.151
42.961  6.379
44.664  8.290
43.988  7.531
44.626  8.247
43.698  7.207
42.577  5.949
42.066  5.376
43.717  7.228
44.450  8.050
41.029  4.212
41.635  4.892
43.501  6.985
42.583  5.956
44.658  8.283
44.074  7.628
40.399  3.506
40.925  4.095
43.342  6.807
 6.715 11.254
 9.578 15.867
 8.321 12.187
 5.264 11.906
 9.127 13.594
 6.488 13.098
 6.874 12.453
10.384 15.093
 7.554 12.610
 6.717 13.559
11.982 18.374
 8.518 16.670
 6.479 11.269
 8.341 15.671
13.039 17.626
10.079 12.706
11.505 16.450
10.587 12.529
 8.655 11.517
13.984 18.039
 4.989  6.521
 9.301 13.115
 8.901 14.866
 6.643 11.453
12.407 15.694
 8.918 12.242
10.525 16.539
 7.625 12.798
12.018 15.157
 8.096 10.809
 8.580 14.005
 8.630 13.794
 9.953 13.336
 8.881 11.405
 7.937 11.550
 9.287 13.668
 9.196 14.045
 9.583 12.857
10.992 14.704
 5.723 12.615
12.937 14.659
 9.872 13.840
 8.003 10.709
10.005 14.468
14.881 17.863
12.854 16.888
 5.910  8.671
 9.945 15.673
 6.756  8.596
 9.219 16.283
 8.730 12.944
10.453 13.168
 9.868 14.874
 9.764 15.431
10.684 13.236
12.640 14.072
 6.930 12.569
 9.334 12.655
 5.736 12.869
 5.587 11.125
 9.446 12.800
12.431 11.883
10.451 17.122
 9.519 14.575
11.957 16.090
11.558 20.755
 7.971 15.225
 6.288 12.614
 5.665 14.318
10.396 16.581
 9.614 11.649
10.714 13.050
 4.565 11.456
 9.043 10.617
 6.339 11.927
 9.617 13.881
10.342 15.580
 8.788 13.117
 8.138 13.059
 5.617 12.573
 9.365 16.409
 9.025 13.953
 9.668 13.236
 9.119 15.714
11.231 15.763
 9.834 15.678
 7.982 14.189
12.037 15.316
11.448 17.010
 8.299  9.906
 6.465 10.031
 6.247 11.124
 6.966 11.840
11.400 16.043
 5.652 13.177
10.711 14.176
 8.969 12.770
 6.152 11.793
 5.409 12.655
16.708 17.685
10.539 14.138
 4.444 10.972
 9.916 13.560
10.246 13.894
10.795 15.253
 7.009 13.059
10.086 15.503
12.349 17.043
 7.957 10.367
 8.079 11.576
 6.952  9.823
 9.961 14.662
 4.616 10.474
11.067 13.231
 8.157 13.861
 9.920 14.039
 6.499 13.074
10.533 16.756
 6.456 12.295
 6.681 10.540
 9.368 12.581
 8.859 13.755
 8.406 13.226
 6.964 13.195
10.602 16.449
11.986 15.561
10.962 14.068
 5.598 12.203
 9.537 14.601
 7.033 11.686
 7.757 15.816
 9.677 13.633
14.607 15.391
13.662 16.607
11.097 18.364
 9.502 15.371
 8.867 16.306
 9.611 11.750
 7.934  8.967
 8.491 12.345
 8.175 13.165
11.078 16.320
 7.876 13.015
 7.837 11.970
 9.307 10.487
11.307 18.693
11.407 14.371
11.311 15.470
 8.086 13.005
 8.777 13.521
 7.382 10.865
11.056 13.859
13.418 15.933
 9.677 13.543
 6.321 12.721
11.364 15.064
11.053 13.879
 8.197 15.168
13.324 15.707
10.437 16.094
 9.162 12.541
 6.070 13.496
 7.718 17.466
 9.842 14.155
 7.995 14.003
 8.353 14.538
 8.892 10.368
 6.499 11.426
11.361 17.097
 9.966 13.963
 8.654 13.919
 7.579 13.512
12.325 15.145
 6.708 12.786
11.412 15.789
10.372 17.166
 6.079 11.585
 6.056 10.501
 7.540 13.792
 5.765  9.941
12.251 17.373
 8.427 10.630
 9.033 11.558
 7.086 14.372
 7.656 12.836
10.082 13.876
 7.893 12.106
 6.909 11.425
10.111 13.972
 7.561 15.441
10.192 16.328
 5.747 10.052
 7.711 14.801
 9.470 11.352
 6.578 13.335
 6.427  8.826
 8.141 10.695
 9.518 12.494
 7.503 11.017
10.929 16.155
15.367 38.611
16.045 38.350
16.296 37.215
14.324 35.114
14.533 36.332
15.060 36.933
16.128 38.685
16.804 39.793
17.817 40.533
15.281 39.002
17.043 38.080
14.334 35.980
14.509 38.528
17.911 42.197
19.382 41.113
15.584 39.387
15.301 38.141
17.487 39.567
18.485 41.795
14.214 36.762
19.845 41.564
17.189 40.630
17.159 40.415
17.206 40.007
16.858 41.195
19.128 39.703
18.391 44.320
16.919 39.897
18.364 40.412
15.820 37.867
16.593 37.381
15.641 37.744
17.065 40.634
16.068 39.342
17.628 39.607
16.624 40.127
17.230 40.340
15.507 39.212
15.045 37.420
16.583 38.108
15.321 38.045
17.159 40.936
17.002 38.801
14.431 36.033
16.177 39.717
14.739 38.252
15.853 39.253
16.800 38.834
15.699 39.441
12.945 36.107
17.425 40.190
15.192 38.141
13.321 37.826
13.923 36.868
15.248 37.973
15.546 39.139
17.213 39.728
15.924 37.309
14.864 38.466
17.784 40.981
16.202 38.556
17.593 38.737
16.665 40.729
15.181 35.833
15.638 38.882
17.378 40.313
18.651 42.426
16.660 38.800
16.782 38.628
13.876 36.542
17.860 40.532
15.656 38.840
16.410 38.928
15.415 37.035
18.159 41.734
17.754 40.723
14.598 39.049
16.686 38.154
14.833 37.155
16.496 39.042
16.509 40.029
15.666 35.940
16.485 38.910
18.143 39.918
15.251 37.979
16.455 39.488
17.506 41.324
17.260 39.650
17.758 41.229
16.939 38.565
16.261 39.211
15.201 38.791
13.532 35.387
18.073 40.384
17.151 41.819
19.077 42.090
15.742 36.672
14.739 39.052
17.167 40.017
16.123 36.773
17.451 39.412
17.691 39.099
17.286 40.591
14.357 38.345
15.947 40.621
15.974 39.245
16.938 40.518
16.289 40.267
17.164 40.564
17.015 40.372
16.231 40.899
15.519 38.239
17.477 40.840
16.662 39.519
17.090 40.178
18.436 40.972
16.933 37.416
14.429 37.746
18.188 41.218
19.039 42.401
14.796 36.326
16.555 41.879
16.350 37.516
16.560 37.385
15.217 37.104
17.074 36.884
15.535 38.465
16.623 40.495
14.881 37.705
16.093 40.133
17.948 40.414
17.619 38.201
16.736 39.731
17.298 37.903
13.833 34.786
15.076 37.720
14.888 37.820
15.982 37.736
19.638 41.359
18.757 41.934
15.809 37.571
17.475 40.227
16.701 39.195
16.293 39.779
18.562 38.775
14.600 35.620
17.721 40.948
15.760 38.661
17.139 40.614
17.503 38.325
12.609 36.109
16.071 40.583
15.312 38.924
16.644 39.974
15.180 38.788
14.924 36.597
16.256 39.527
16.498 38.438
16.336 40.595
16.636 39.716
18.171 39.612
15.732 36.600
13.598 35.257
18.227 40.535
17.670 39.701
14.795 38.770
15.020 38.687
15.704 38.344
15.949 40.452
16.845 38.678
16.672 38.460
17.405 39.735
18.232 40.959
16.952 39.868
16.356 38.699
16.360 39.228
16.435 37.523
13.927 36.559
17.497 42.873
15.704 38.169
16.616 40.280
16.616 38.430
16.413 37.438
17.113 38.921
15.336 37.244
18.388 42.362
15.150 37.572
15.967 39.349
17.458 39.159
16.641 38.531
15.159 36.614
14.947 40.786
16.482 39.515
15.695 39.316
15.130 37.440
16.635 40.467
16.192 39.232
19.779 41.900
14.576 37.695
18.441 39.615
11.943 12.238
10.891  8.662
11.289 10.345
 9.231  8.810
10.513 10.106
 9.772 11.062
13.185 10.317
10.870 10.523
12.994 10.686
10.667  8.198
13.239 11.714
10.262  9.310
11.912 10.749
14.184 12.589
12.676  9.381
10.498  9.700
11.921 10.064
12.082 12.467
11.454 11.582
13.957 13.874
13.088 10.343
11.948  9.912
12.185 10.568
10.971 11.314
11.215  8.857
13.293 12.791
13.208 10.394
14.846 11.915
15.580 13.156
14.600 13.554
12.862 11.932
10.369 10.223
11.531  9.979
14.153 11.885
11.572 11.006
14.879 10.828
10.024 11.845
12.633  8.458
11.779 11.797
12.678  6.584
 9.822  8.390
12.327  9.898
13.126 14.156
15.209 11.003
16.550 14.610
11.503  9.004
10.614 11.111
10.811 10.696
12.665  7.466
 9.191  8.514
 8.792  9.895
14.988 12.971
13.601 11.089
10.610  8.179
10.127  8.104
 9.087  6.531
15.462 11.530
16.188 13.361
11.213  7.422
11.620  7.908
12.571 13.242
14.460 10.724
10.342 10.339
10.436 10.409
15.442 10.008
 6.779  8.472
12.050 12.694
11.319 10.610
12.103 10.679
14.007 10.678
 9.511  9.851
13.448 11.575
10.769 12.135
11.239 10.299
10.045 10.130
15.213 11.540
15.183 11.617
14.521 12.029
15.183 12.691
13.639 13.596
14.047 12.346
 9.183  8.715
 9.470 10.804
14.811 12.908
15.300 11.349
10.394 11.120
12.779 14.872
 7.671  8.194
11.122  8.222
 9.245  6.812
12.303  9.517
10.526 11.141
11.426 10.003
13.203 10.178
11.283  8.048
13.954 11.499
13.478 11.273
 7.266  9.279
13.465 10.352
11.666 11.694
14.685 10.452
11.384 11.037
13.363 11.738
11.855 10.191
11.566  9.829
16.914 12.182
 9.515  8.328
16.161 10.342
13.006  9.426
12.891  9.853
11.158 10.382
12.662 10.821
 8.149  7.936
14.237 11.975
10.638  9.657
14.201 11.869
 8.622  9.156
10.050 10.402
13.638 10.576
12.877 10.171
11.508  8.766
 8.861  9.813
11.331 10.366
10.471  9.782
12.120 10.387
11.472 11.973
12.252  9.308
11.438 10.849
13.451 11.201
12.162  9.642
11.454 10.757
15.479  8.076
 9.879  9.606
11.831  8.096
 8.044 10.244
 8.569 10.790
11.088  9.396
15.921 13.685
 9.179  9.190
11.522 11.322
12.769  9.058
12.901  8.311
11.181  9.295
14.767 11.644
13.034 10.060
13.492 11.216
13.135 10.313
12.791 11.389
10.164  9.797
15.055 11.808
13.039  9.671
 9.555 11.603
11.078 11.332
13.488 10.291
11.357  9.546
12.925 12.096
10.224 10.074
 9.417 11.223
 9.053  8.651
13.315 10.999
12.461 12.669
11.064 12.300
10.770 12.806
12.023  7.279
12.713 12.537
10.461  8.288
11.308 12.891
13.270 11.262
13.105 10.969
12.884 11.832
14.169 10.405
13.014  9.989
13.773 12.201
13.180  9.798
 9.389  9.866
10.091 11.464
14.451 11.743
14.669  8.487
 9.739  9.104
 8.928 10.330
12.375 11.519
 9.567  8.080
12.407 13.404
12.600 11.109
12.448 11.429
11.089 13.305
11.770 11.059
15.875 10.075
12.479 13.999
 9.130 11.068
14.300 12.371
12.680 11.468
11.459  5.929
14.452 12.024
10.689  8.746
12.782 11.916
12.567 12.976
 9.425 10.046
 9.287  8.313
13.916 11.481
