50.318 49.846  0.000
47.661 44.854  0.000
51.629 51.474  0.000
48.442 46.478  0.000
50.498 48.812  0.000
50.066 47.977  0.000
52.915 53.127  0.000
52.160 50.345  0.000
46.783 44.155  0.000
51.039 51.602  0.000
53.337 52.757  0.000
50.888 48.524  0.000
49.444 47.324  0.000
50.576 51.542  0.000
51.038 50.813  0.000
49.554 47.734  0.000
47.315 45.007  0.000
49.614 47.763  0.000
51.047 49.447  0.000
49.526 47.438  0.000
 5.728  5.029  1.000
 3.738  3.699  1.000
 4.626  4.920  1.000
 4.914  4.623  1.000
 2.306  3.297  1.000
 5.266  5.189  1.000
 3.127  3.686  1.000
 3.424  3.296  1.000
 4.432  4.194  1.000
 4.573  4.645  1.000
 5.390  5.083  1.000
 6.240  5.552  1.000
 2.233  2.961  1.000
 5.084  5.046  1.000
 3.967  4.560  1.000
 4.469  4.041  1.000
 3.329  3.440  1.000
 2.453  3.314  1.000
 5.091  5.006  1.000
 5.086  5.202  1.000
11.732 16.666  2.000
12.159 15.596  2.000
12.883 15.594  2.000
10.175 15.828  2.000
12.016 16.422  2.000
10.389 11.560  2.000
13.464 15.634  2.000
11.609 16.609  2.000
12.490 14.693  2.000
12.384 16.501  2.000
13.104 12.336  2.000
15.345 18.399  2.000
14.323 18.644  2.000
15.448 18.838  2.000
17.595 18.245  2.000
13.770 16.546  2.000
12.383 17.036  2.000
18.545 21.214  2.000
11.730 16.727  2.000
14.235 16.655  2.000
40.981 37.806  3.000
37.453 35.640  3.000
38.386 38.058  3.000
36.491 31.708  3.000
40.333 36.217  3.000
41.157 38.401  3.000
40.486 39.965  3.000
41.107 40.685  3.000
40.529 40.006  3.000
40.180 39.498  3.000
39.083 38.142  3.000
41.673 38.439  3.000
40.328 36.960  3.000
39.615 35.256  3.000
40.334 41.203  3.000
41.211 40.093  3.000
40.652 39.387  3.000
37.346 35.813  3.000
39.458 37.639  3.000
42.373 40.728  3.000
 9.070 38.837  4.000
 9.693 36.487  4.000
 8.964 38.512  4.000
 7.543 36.455  4.000
10.034 37.757  4.000
 9.799 35.692  4.000
11.317 36.625  4.000
 9.708 39.148  4.000
 7.141 37.602  4.000
 9.553 36.444  4.000
11.271 35.974  4.000
 7.766 35.153  4.000
 9.131 37.300  4.000
 9.646 37.034  4.000
12.076 38.132  4.000
 9.526 36.124  4.000
 9.888 34.553  4.000
10.602 39.615  4.000
 9.338 36.415  4.000
10.324 37.809  4.000
17.071 13.840  5.000
18.833 16.980  5.000
20.402 17.442  5.000
21.541 18.879  5.000
21.701 19.792  5.000
19.831 14.987  5.000
22.986 21.110  5.000
18.711 15.142  5.000
20.841 19.276  5.000
21.500 17.795  5.000
17.969 17.201  5.000
19.965 14.966  5.000
19.342 16.476  5.000
20.535 19.380  5.000
21.486 17.723  5.000
18.075 13.993  5.000
18.222 12.807  5.000
18.533 15.542  5.000
18.078 11.274  5.000
18.153 18.805  5.000
